function [view, Xi, X, Li, L] = vgg_example_scene(N)
% VGG_EXAMPLE_SCENE - 
%
%	[view, Xi, X, Li, L] = vgg_example_scene
%
%	view - Struct array with fields:
%               I - Grayscale image (uint8)
%               x - 2xK list of 2d point matches [x;y]
%               l - 4xN list of 2d line segments [x0;y0;x1;y1]
%               P - 3x4 camera projection matrix
%       Xi - 4x737 List of point matches. Xi(j,i)=n if the j'th view has
%               the i'th 3D	point X(:,i) as its n'th 2D point.
%	X - 3x737 Recovered 3D points
%	Li - 4x69 List of line matches. similar to Xi
%	L - 6x69 Recovered 3D line segments [x0;y0;z0;z1;y1;z1]
%
%       [view, Xi, X, Li, L] = vgg_example_scene(N) loads only N<=4 views, which speeds loading up.

% $Id: vgg_example_scene.m,v 1.2 2005/01/25 16:17:32 awf Exp $
% Yoni, Fri Jan  3 17:51:36 2003

view(1).l = [86.1366 307.971 274.004 212.153 419.836 444.201 367.33 369.439 329.832 317.092 133.792 196.813 437.834 376.853 385.238 419.679 470.995 422.172 168.712 368.497 502.09 378.329 422.377 390.402 453.963 403.553 146.323 127.455 388.184 195.336 221.917 146.542 274.286 309.488 336.115 219 279 324.188 328.976 375.806 335.287 377.641 381.94 384.188 300.01 298.001 14.8144 96.1259 17.5647 12.2125 159.123 159.162 203.017 427.954 414.406 198.24 218.142 326.654 321.439 331.952 329.355 370.033 364.616 355.421 341.572 345.734 351.691 96.0007 65.6684 70.0001 100.484 23.0077 43.2565 244.003 315.969 272.872 264.794 286.624 376.356 375.101 207.131 109.582 115.001 143.574 139 256.989 235.002 468.483 286.999 258 127.592 148.063 427.243 245.999 291.002 255 284 262 295.001 241.123 235.473 251.998 288 255.007 301.805 249.001 311.082 305.141 242.461 248 296.414 295.125 247.277 108.001 209.98 165.029 243.001 239.14 47.0345 95.0091 40.9981 
7.85548 115.261 115.625 66.2385 17.843 63.2111 22.0221 68.3553 79.3263 19.8533 22.2036 25.2234 9.823 66.8322 78.7629 45.6965 7.98907 52.1716 67.3321 124.714 44.063 125.267 65.4905 83.462 84.64 92.4969 294.978 125.469 135.323 153.576 144.992 92.9998 100.266 212.009 138.001 119.875 122 206 152.14 129.012 210 246.999 148.981 209.007 131.369 138.201 138.068 151.755 396.044 141.009 142 192.998 194.001 229.993 163.001 308.806 192.958 162.768 164.997 166 206 220.994 171.997 211.968 177 209 174.912 177.199 180.004 253.887 251.003 182.027 399.035 195.993 263.914 260.997 218.935 223.005 383.997 257.001 258.006 265.007 402.901 400 261.708 281.911 295.245 405.975 298.116 300.929 433.739 346.017 331.001 337.636 317.837 320.118 335.042 358.005 344.993 345.974 389.006 347.411 354.98 362.106 371.251 435.481 429.987 387 427.008 390.288 394.996 428.854 426.014 400.64 409.334 422.709 439.03 502.022 474.889 438.892 502.611 
146.05 279.961 241.004 197.287 382.729 482.745 368.988 343.334 269.798 341.057 159.717 211.58 393.234 340.759 415.103 457.252 425.363 457.467 141.941 500.764 398.208 474.425 388.581 351.16 500.959 430.994 142.936 8.69428 500.736 164.193 221.491 146.742 305.964 310.148 336.057 267 219 324.062 372.18 374.598 335.291 378.614 380.731 386.02 273.998 232.762 43.2528 135.882 8.96324 14.0864 159.197 161.461 203.875 430.946 412.228 197.18 218.75 326.698 321.081 331.966 329.327 371.131 363.683 358.09 340.882 345.788 350.843 69.0027 67.0989 97 99.0008 31.1854 35.3627 278.004 312.34 269.787 268.736 290.143 377.618 373.138 207.836 112.795 140 140.597 114 284.989 284.833 472.378 253.994 287 142.461 146.806 428.04 290.999 250.003 283 255 296 245.001 236.68 229.333 286 256 300.766 260.093 308.931 307.243 254.006 245.13 293.253 297.713 251.005 249.455 51.0204 184.965 190.003 236.06 245.965 102.915 41.9699 9.00519 
63.9401 113.549 116.015 16.9021 58.7483 34.7198 54.9723 101.253 73.6247 17.5092 53.2308 71.5026 58.1957 110.62 50.1049 9.25308 52.3708 15.4947 39.0592 39.7776 109.37 67.4323 92.7175 118.179 57.9763 71.4792 135.001 73.5491 77.3519 140.881 194.997 123.996 95.0819 183.024 114 119.827 122.13 162.082 127.333 216.004 163 132.001 196.361 180.013 130.292 138.519 145.265 136.735 141.021 207.998 176 380.003 305 147.988 222.999 168 166.003 205 208 206 167 177.003 213.996 161.877 203.996 177 207.995 177.862 250.004 253.923 180.999 397.029 184.021 196.386 211.049 220.983 254.947 257.974 256.997 361.99 290.998 400.001 403.151 265.004 261.746 282.383 292.303 292.978 298.479 300.88 405.074 310.215 306.006 337.809 317.592 320.327 334.995 358.051 344.568 370.979 431.005 347.741 354.955 375.045 359.531 434.905 391.969 385.95 394.004 390.525 422.988 429.586 395.015 398.638 404.456 428.538 501.038 440.033 461.399 449.975 501.604 ];
